1 0.5230263157894737 0.19407894736842105 0.10238486842105263 0.05592105263157895
1 0.265625 0.31414473684210525 0.1069078947368421 0.12212171052631579
1 0.6529605263157895 0.390625 0.11800986842105263 0.11348684210526316
1 0.7952302631578947 0.40131578947368424 0.1591282894736842 0.13733552631578946
1 0.2993421052631579 0.5057565789473685 0.13075657894736842 0.18914473684210525
1 0.5921052631578947 0.5123355263157895 0.12171052631578948 0.16324013157894737
1 0.45805921052631576 0.5197368421052632 0.13692434210526316 0.1611842105263158
1 0.8264802631578947 0.5888157894736842 0.18421052631578946 0.18379934210526316
1 0.21628289473684212 0.5970394736842105 0.17886513157894737 0.09498355263157894
1 0.09703947368421052 0.6611842105263158 0.19366776315789475 0.22738486842105263
1 0.4432565789473684 0.703125 0.19613486842105263 0.19407894736842105