1 0.3881578947368421 0.23601973684210525 0.06661184210526316 0.07730263157894737
1 0.46875 0.29194078947368424 0.07195723684210527 0.08223684210526316
1 0.8248355263157895 0.2935855263157895 0.06373355263157894 0.09662828947368421
1 0.9243421052631579 0.31743421052631576 0.05921052631578947 0.08552631578947369
1 0.5888157894736842 0.3503289473684211 0.05921052631578947 0.12088815789473684
1 0.11842105263157894 0.3667763157894737 0.07935855263157894 0.0884046052631579
1 0.21463815789473684 0.3807565789473684 0.07113486842105263 0.08552631578947369
1 0.7113486842105263 0.38898026315789475 0.05756578947368421 0.10074013157894737
1 0.8338815789473685 0.4407894736842105 0.06907894736842106 0.09868421052631579
1 0.8963815789473685 0.4654605263157895 0.08511513157894737 0.10896381578947369
1 0.3527960526315789 0.4901315789473684 0.09662828947368421 0.1484375
1 0.5896381578947368 0.5213815789473685 0.07360197368421052 0.15172697368421054
1 0.21546052631578946 0.5608552631578947 0.08922697368421052 0.10279605263157894
1 0.48519736842105265 0.6011513157894737 0.08182565789473684 0.15254934210526316
1 0.8914473684210527 0.6291118421052632 0.08182565789473684 0.16981907894736842
1 0.5674342105263158 0.6356907894736842 0.12746710526315788 0.125
1 0.7475328947368421 0.6546052631578947 0.15008223684210525 0.1455592105263158
1 0.13733552631578946 0.6726973684210527 0.10649671052631579 0.23273026315789475
1 0.48273026315789475 0.7113486842105263 0.08018092105263158 0.12294407894736842
1 0.21546052631578946 0.8009868421052632 0.10197368421052631 0.18832236842105263
1 0.48519736842105265 0.8182565789473685 0.12171052631578948 0.12294407894736842
1 0.34375 0.8305921052631579 0.13815789473684212 0.18832236842105263
1 0.6891447368421053 0.865953947368421 0.17393092105263158 0.19736842105263158