1 0.6258223684210527 0.25 0.09539473684210527 0.0990953947368421
1 0.8125 0.3256578947368421 0.11266447368421052 0.07524671052631579
1 0.21134868421052633 0.3412828947368421 0.10320723684210527 0.11677631578947369
1 0.3371710526315789 0.37582236842105265 0.0884046052631579 0.125
1 0.12088815789473684 0.4662828947368421 0.1299342105263158 0.1435032894736842
1 0.49835526315789475 0.4810855263157895 0.18133223684210525 0.1196546052631579
1 0.6570723684210527 0.5032894736842105 0.12047697368421052 0.11883223684210527
1 0.125 0.6611842105263158 0.16735197368421054 0.19695723684210525
1 0.9580592105263158 0.6949013157894737 0.0805921052631579 0.16611842105263158
1 0.4276315789473684 0.75 0.24917763157894737 0.1640625
1 0.7162828947368421 0.8116776315789473 0.18215460526315788 0.15296052631578946
1 0.8930921052631579 0.8305921052631579 0.21052631578947367 0.14802631578947367