1 0.6685855263157895 0.17269736842105263 0.13610197368421054 0.18791118421052633
1 0.7993421052631579 0.18667763157894737 0.13527960526315788 0.16447368421052633
1 0.5016447368421053 0.29523026315789475 0.17804276315789475 0.20888157894736842
1 0.9078947368421053 0.3815789473684211 0.18092105263157895 0.24342105263157895
1 0.7574013157894737 0.4128289473684211 0.18955592105263158 0.234375
1 0.21792763157894737 0.4350328947368421 0.26151315789473684 0.19572368421052633
0 0.35855263157894735 0.5657894736842105 0.3120888157894737 0.21710526315789475
0 0.5822368421052632 0.7417763157894737 0.23314144736842105 0.32195723684210525
0 0.10279605263157894 0.7516447368421053 0.20559210526315788 0.2894736842105263
1 0.3980263157894737 0.08141447368421052 0.16365131578947367 0.16241776315789475
1 0.5435855263157895 0.09046052631578948 0.16282894736842105 0.16447368421052633