1 0.4037828947368421 0.2236842105263158 0.17228618421052633 0.3026315789473684
1 0.2787828947368421 0.28042763157894735 0.15625 0.26644736842105265
1 0.13898026315789475 0.3815789473684211 0.16652960526315788 0.28618421052631576
1 0.3314144736842105 0.5197368421052632 0.20271381578947367 0.25616776315789475
1 0.5789473684210527 0.7228618421052632 0.3190789473684211 0.5509868421052632
1 0.20148026315789475 0.8174342105263158 0.4029605263157895 0.3618421052631579
1 0.834703947368421 0.7088815789473685 0.15666118421052633 0.4609375
1 0.8873355263157895 0.37088815789473684 0.22203947368421054 0.30756578947368424
1 0.7088815789473685 0.32976973684210525 0.11842105263157894 0.22697368421052633
1 0.11019736842105263 0.584703947368421 0.21998355263157895 0.2158717105263158
1 0.04111842105263158 0.3939144736842105 0.08223684210526316 0.20394736842105263