1 0.9276315789473685 0.390625 0.07606907894736842 0.16324013157894737
1 0.5526315789473685 0.4613486842105263 0.0990953947368421 0.15008223684210525
1 0.7220394736842105 0.5041118421052632 0.0962171052631579 0.14597039473684212
1 0.5394736842105263 0.571546052631579 0.11225328947368421 0.10978618421052631
1 0.5419407894736842 0.7228618421052632 0.11307565789473684 0.15789473684210525
1 0.23355263157894737 0.7286184210526315 0.12129934210526316 0.15172697368421054
1 0.6504934210526315 0.7360197368421053 0.10074013157894737 0.17886513157894737
1 0.13240131578947367 0.8766447368421053 0.18092105263157895 0.14884868421052633
1 0.5822368421052632 0.9268092105263158 0.21710526315789475 0.14309210526315788
1 0.08470394736842106 0.7697368421052632 0.1611842105263158 0.12582236842105263
1 0.09046052631578948 0.6620065789473685 0.15090460526315788 0.10032894736842106
1 0.11019736842105263 0.47944078947368424 0.0962171052631579 0.08429276315789473
1 0.24095394736842105 0.5707236842105263 0.0834703947368421 0.12870065789473684