1 0.2574013157894737 0.4901315789473684 0.1040296052631579 0.20764802631578946
1 0.5 0.7944078947368421 0.20106907894736842 0.2890625
1 0.8149671052631579 0.8083881578947368 0.13980263157894737 0.30057565789473684
1 0.27713815789473684 0.8108552631578947 0.19078947368421054 0.37787828947368424
1 0.953125 0.7993421052631579 0.09046052631578948 0.3782894736842105
1 0.11595394736842106 0.7730263157894737 0.1171875 0.36800986842105265
1 0.03125 0.7993421052631579 0.0625 0.3980263157894737
1 0.42680921052631576 0.524671052631579 0.09004934210526316 0.16817434210526316
1 0.6225328947368421 0.4375 0.08881578947368421 0.21134868421052633
1 0.3371710526315789 0.40707236842105265 0.05263157894736842 0.12171052631578948
1 0.022203947368421052 0.20230263157894737 0.044407894736842105 0.2002467105263158
1 0.5304276315789473 0.3815789473684211 0.09333881578947369 0.11143092105263158
1 0.6916118421052632 0.6529605263157895 0.10855263157894737 0.22615131578947367
1 0.5501644736842105 0.5904605263157895 0.12006578947368421 0.17393092105263158
1 0.37993421052631576 0.4629934210526316 0.08182565789473684 0.16447368421052633
1 0.7532894736842105 0.6036184210526315 0.15460526315789475 0.3314144736842105
1 0.6200657894736842 0.6546052631578947 0.10526315789473684 0.21340460526315788