1 0.34868421052631576 0.3470394736842105 0.0990953947368421 0.12828947368421054
1 0.11677631578947369 0.37335526315789475 0.15172697368421054 0.14884868421052633
1 0.4276315789473684 0.44161184210526316 0.16159539473684212 0.10361842105263158
1 0.6217105263157895 0.4662828947368421 0.09827302631578948 0.19202302631578946
1 0.8322368421052632 0.484375 0.13527960526315788 0.19942434210526316
1 0.21875 0.5411184210526315 0.11554276315789473 0.22985197368421054
1 0.46463815789473684 0.6110197368421053 0.16447368421052633 0.15460526315789475
1 0.7245065789473685 0.6546052631578947 0.13651315789473684 0.22080592105263158
1 0.3807565789473684 0.7236842105263158 0.17228618421052633 0.18421052631578946
1 0.7935855263157895 0.8042763157894737 0.14638157894736842 0.22697368421052633
1 0.5205592105263158 0.8174342105263158 0.1796875 0.26973684210526316
1 0.31661184210526316 0.8478618421052632 0.17598684210526316 0.2512335526315789
1 0.5764802631578947 0.33881578947368424 0.06578947368421052 0.08511513157894737
1 0.1611842105263158 0.8207236842105263 0.18379934210526316 0.23684210526315788
1 0.06743421052631579 0.49835526315789475 0.08963815789473684 0.15830592105263158
1 0.43832236842105265 0.28042763157894735 0.10074013157894737 0.07771381578947369
1 0.5189144736842105 0.24259868421052633 0.10074013157894737 0.07730263157894737
1 0.41776315789473684 0.12582236842105263 0.08634868421052631 0.07730263157894737
1 0.4654605263157895 0.18174342105263158 0.0625 0.0756578947368421
1 0.265625 0.1513157894736842 0.08223684210526316 0.08881578947368421
1 0.18009868421052633 0.2870065789473684 0.08018092105263158 0.07771381578947369
1 0.7450657894736842 0.33881578947368424 0.11842105263157894 0.08634868421052631
1 0.6891447368421053 0.43667763157894735 0.08881578947368421 0.10526315789473684