1 0.8264802631578947 0.75 0.29605263157894735 0.3125
1 0.540296052631579 0.7976973684210527 0.17598684210526316 0.3449835526315789
1 0.32894736842105265 0.9120065789473685 0.29605263157894735 0.17269736842105263
1 0.678453947368421 0.6389802631578947 0.1196546052631579 0.2643914473684211
1 0.4399671052631579 0.6957236842105263 0.16447368421052633 0.3449835526315789
1 0.5074013157894737 0.3503289473684211 0.06085526315789474 0.12828947368421054
1 0.22532894736842105 0.8388157894736842 0.1377467105263158 0.2557565789473684
1 0.13240131578947367 0.6447368421052632 0.17228618421052633 0.20435855263157895
1 0.2993421052631579 0.4769736842105263 0.15049342105263158 0.13445723684210525
1 0.9300986842105263 0.8914473684210527 0.13651315789473684 0.2138157894736842
1 0.7203947368421053 0.8930921052631579 0.24300986842105263 0.21340460526315788